{
  "cells": [
    {
      "cell_type": "markdown",
      "metadata": {
        "id": "rdZl6o7sAsmB"
      },
      "source": [
        "# Dimensionality Reduction\n",
        "In this best practices notebook, we will use the [QM7 dataset](http://quantum-machine.org/datasets/) as a toy example to discuss and demonstrate the benefits of dimensionality reduction techniques in exploring the chemical space. The dataset comprises 7165 organic molecules with diverse sizes (up to 13 heavy-atoms) and chemical compositions, featuring heavy elements such as C, N, O, and S. In addition to the three-dimensional molecular structures available either as standard Cartesian coordinates or in the Coulomb matrix representation, the QM7 dataset also provides atomization energies for each compound calculated using density functional theory (DFT).\n",
        "\n",
        "To run this notebook, you will need to use a kernel with the following libraries installed:\n",
        "* RDKit\n",
        "* Pandas\n",
        "* ipykernel"
      ]
    },
    {
      "cell_type": "markdown",
      "metadata": {},
      "source": [
        "## Setting up the environment\n",
        "Below we install additional Python libraries you will need to run this notebook, and define a function for visualizing molecules which you will need later on:"
      ]
    },
    {
      "cell_type": "code",
      "execution_count": null,
      "metadata": {
        "colab": {
          "base_uri": "https://localhost:8080/"
        },
        "id": "BAs04_vV_y67",
        "outputId": "fbf26a5e-170a-457d-9903-8fdf2f112d0b"
      },
      "outputs": [],
      "source": [
        "# Install and update required packages\n",
        "!pip install pacmap -U\n",
        "!pip install py3Dmol -U\n",
        "!pip install scikit-learn -U\n",
        "!pip install pandas -U\n",
        "!pip install seaborn -U"
      ]
    },
    {
      "cell_type": "code",
      "execution_count": 2,
      "metadata": {
        "id": "dZSZpvWyvG7v"
      },
      "outputs": [],
      "source": [
        "import numpy as np\n",
        "\n",
        "# Import libraries for data handling and visualization\n",
        "import pandas as pd\n",
        "import matplotlib.pyplot as plt\n",
        "import py3Dmol\n",
        "\n",
        "%matplotlib inline\n",
        "\n",
        "# Define function for visualization of molecules from file\n",
        "def view_molecule(data, index, style):\n",
        "\n",
        "    bohr2ang = 0.529177249\n",
        "    symbols = {1:'H', 6:'C', 7:'N', 8:'O', 16: 'S'}\n",
        "\n",
        "    idx_nonzero = data['Z'][index].nonzero()\n",
        "    Z = data['Z'][index][idx_nonzero]\n",
        "    n_atoms = Z.size\n",
        "    labels = np.vectorize(symbols.get)(Z)\n",
        "    labels = labels.reshape(-1,1)\n",
        "\n",
        "    coords = data['R'][index][0:n_atoms,:].reshape(-1,3) * bohr2ang\n",
        "\n",
        "    xyz = np.concatenate((labels, coords), axis=1)\n",
        "    n_atoms = xyz.shape[0]\n",
        "    xyz_str = [str(i).strip('[]') for i in xyz]\n",
        "    geom = str(n_atoms) + '\\n' + ' ' + '\\n'\n",
        "    geom += '\\n'.join(xyz_str)\n",
        "    geom = geom.replace(\"'\", \"\")\n",
        "\n",
        "    for k in style.keys():\n",
        "        assert k in ('line', 'stick', 'sphere', 'carton')\n",
        "\n",
        "    molview = py3Dmol.view(width=350,height=350)\n",
        "    molview.addModel(geom,'xyz')\n",
        "\n",
        "    molview.setStyle(style)\n",
        "    molview.setBackgroundColor('0xeeeeee')\n",
        "    molview.zoomTo()\n",
        "\n",
        "    return molview"
      ]
    },
    {
      "cell_type": "markdown",
      "metadata": {
        "id": "ZP_6ZYr5CzAw"
      },
      "source": [
        "## Loading the data"
      ]
    },
    {
      "cell_type": "code",
      "execution_count": 3,
      "metadata": {
        "colab": {
          "base_uri": "https://localhost:8080/"
        },
        "id": "7dBm1mFRL4ZP",
        "outputId": "5da094e2-a477-4f5e-c33d-676958a3a73a"
      },
      "outputs": [
        {
          "name": "stdout",
          "output_type": "stream",
          "text": [
            "Data type : <class 'dict'>\n"
          ]
        }
      ],
      "source": [
        "import scipy.io\n",
        "\n",
        "# Load the QM7 dataset as a Python dictionary\n",
        "qm7_data = scipy.io.loadmat('../data/qm7.mat')\n",
        "\n",
        "print(f\"Data type : {type(qm7_data)}\")"
      ]
    },
    {
      "cell_type": "markdown",
      "metadata": {
        "id": "osLCYFmfJza3"
      },
      "source": [
        "The data is loaded as a Python dictionary containing the following keys:\n",
        "\n",
        "*   **X**: coulomb matrices\n",
        "*   **R**: cartesian coordinate (unit: Bohr)\n",
        "*   **Z**: atomic numbers\n",
        "*   **T**: atomization energies (unit: kcal/mol)\n",
        "*   **P**: cross-validation splits as used in *Montavon et al., NIPS, 2012*.\n",
        "\n",
        "Below we print the shape of each of these arrays:"
      ]
    },
    {
      "cell_type": "code",
      "execution_count": 4,
      "metadata": {
        "colab": {
          "base_uri": "https://localhost:8080/"
        },
        "id": "AzrMGi3lMCOi",
        "outputId": "16024ef1-081f-41a5-cb3e-d95eaeeabcff"
      },
      "outputs": [
        {
          "name": "stdout",
          "output_type": "stream",
          "text": [
            "__header__ b'MATLAB 5.0 MAT-file Platform: posix, Created on: Mon Feb 18 17:12:08 2013'\n",
            "__version__ 1.0\n",
            "__globals__ []\n",
            "X ---> (7165, 23, 23)\n",
            "R ---> (7165, 23, 3)\n",
            "Z ---> (7165, 23)\n",
            "T ---> (1, 7165)\n",
            "P ---> (5, 1433)\n"
          ]
        }
      ],
      "source": [
        "for k in qm7_data.keys():\n",
        "    if \"_\" not in k:\n",
        "        print(\"{} ---> {}\".format(k,qm7_data[k].shape))\n",
        "    else:\n",
        "        print(k, qm7_data[k])"
      ]
    },
    {
      "cell_type": "markdown",
      "metadata": {
        "id": "CHioyHhiLnWF"
      },
      "source": [
        "First, let's make a quick sanity check for the first entry of the dataset, which corresponds to a molecule of methane:"
      ]
    },
    {
      "cell_type": "code",
      "execution_count": 8,
      "metadata": {
        "colab": {
          "base_uri": "https://localhost:8080/"
        },
        "id": "vVbjuweNTXJk",
        "outputId": "2d7bed72-e08c-4f50-c04c-b33cafa59532"
      },
      "outputs": [
        {
          "name": "stdout",
          "output_type": "stream",
          "text": [
            "Atomic numbers:\n",
            "[6. 1. 1. 1. 1. 0. 0. 0. 0. 0. 0. 0. 0. 0. 0. 0. 0. 0. 0. 0. 0. 0. 0.]\n",
            " \n",
            "Cartesian coordinates:\n",
            "[[ 1.886438   -0.00464873 -0.00823921]\n",
            " [ 3.9499245  -0.00459203  0.00782347]\n",
            " [ 1.1976895   1.9404842   0.00782347]\n",
            " [ 1.1849339  -0.99726516  1.6593875 ]\n",
            " [ 1.2119948  -0.9589793  -1.710958  ]\n",
            " [ 0.          0.          0.        ]\n",
            " [ 0.          0.          0.        ]\n",
            " [ 0.          0.          0.        ]\n",
            " [ 0.          0.          0.        ]\n",
            " [ 0.          0.          0.        ]\n",
            " [ 0.          0.          0.        ]\n",
            " [ 0.          0.          0.        ]\n",
            " [ 0.          0.          0.        ]\n",
            " [ 0.          0.          0.        ]\n",
            " [ 0.          0.          0.        ]\n",
            " [ 0.          0.          0.        ]\n",
            " [ 0.          0.          0.        ]\n",
            " [ 0.          0.          0.        ]\n",
            " [ 0.          0.          0.        ]\n",
            " [ 0.          0.          0.        ]\n",
            " [ 0.          0.          0.        ]\n",
            " [ 0.          0.          0.        ]\n",
            " [ 0.          0.          0.        ]]\n"
          ]
        }
      ],
      "source": [
        "print('Atomic numbers:')\n",
        "print(qm7_data['Z'][0])\n",
        "print(\" \")\n",
        "print('Cartesian coordinates:')\n",
        "print(qm7_data['R'][0])"
      ]
    },
    {
      "cell_type": "markdown",
      "metadata": {
        "id": "lLnzAwqzTBwW"
      },
      "source": [
        "Note that, in order to maintain consistent array sizes across the entire dataset, molecules with fewer than the maximum number of atoms (23) will be zero-padded in their corresponding arrays. While this step ensures uniformity, it is crucial to carefully consider the zero-padding feature before applying any dimension reduction (DR) analysis, since a DR algorithm might merely learn to distinguish molecules based on their sizes or unintentionally segment the dataset into subsets of molecules with equal sizes, thereby failing to capture meaningful chemical patterns underlying the data distribution. \n",
        "\n",
        "To avoid this issue, we will perform the DR analysis on the 15-atoms subset of the QM7 dataset.  "
      ]
    },
    {
      "cell_type": "code",
      "execution_count": 9,
      "metadata": {
        "id": "DqLg0oi9hWbE"
      },
      "outputs": [],
      "source": [
        "nonzeros = np.count_nonzero(qm7_data['Z'],axis=1)\n",
        "\n",
        "# Select molecules with *exactly* 15 atoms\n",
        "n_max_atoms = 15\n",
        "idx = np.where(nonzeros == n_max_atoms)\n",
        "qm7_data['X'] = qm7_data['X'][idx][:,:n_max_atoms,:n_max_atoms]\n",
        "qm7_data['R'] = qm7_data['R'][idx][:,:n_max_atoms]\n",
        "qm7_data['Z'] = qm7_data['Z'][idx][:,:n_max_atoms]\n",
        "qm7_data['T'] = qm7_data['T'].flatten()[idx]"
      ]
    },
    {
      "cell_type": "markdown",
      "metadata": {
        "id": "ixwx0VcLVKBW"
      },
      "source": [
        "## Building the Coulomb matrix dataset for the analysis"
      ]
    },
    {
      "cell_type": "code",
      "execution_count": 12,
      "metadata": {
        "colab": {
          "base_uri": "https://localhost:8080/"
        },
        "id": "MjVztIqaVQVz",
        "outputId": "393a3364-0a97-4e87-965f-5d1b956aaf54"
      },
      "outputs": [
        {
          "name": "stdout",
          "output_type": "stream",
          "text": [
            "Coulomb matrix:\n",
            "[[73.51669    17.79188    10.574583   10.609484    6.72828     4.352822\n",
            "   2.0783362   1.5839126   1.6360577   1.5685378   1.2611265   1.013529\n",
            "   1.6256311   1.0404118   0.9301662 ]\n",
            " [17.79188    36.858105   12.444374   12.511555    7.4616017   1.6210611\n",
            "   2.899028    1.4651774   1.4753506   1.4622504   1.4564468   1.1054873\n",
            "   1.4680866   1.1392418   0.90926206]\n",
            " [10.574583   12.444374   36.858105    7.4560533  12.53489     1.2365621\n",
            "   1.4679073   2.8932884   2.892906    1.1357094   1.1043904   1.4606544\n",
            "   0.9081943   1.4643822   1.4723637 ]\n",
            " [10.609484   12.511555    7.4560533  36.858105    6.0957327   1.2397863\n",
            "   1.4769639   1.133233    0.9116201   2.897561    2.9032035   1.1057171\n",
            "   2.8976808   0.9178894   0.76837534]\n",
            " [ 6.72828     7.4616017  12.53489     6.0957327  36.858105    0.7923406\n",
            "   1.13689     1.4751805   1.4800829   0.914806    1.1048201   2.9026\n",
            "   0.76742256  2.9010375   2.900114  ]\n",
            " [ 4.352822    1.6210611   1.2365621   1.2397863   0.7923406   0.5\n",
            "   0.18619639  0.21911353  0.18560249  0.21636832  0.14758001  0.123089\n",
            "   0.18476902  0.1169079   0.11308038]\n",
            " [ 2.0783362   2.899028    1.4679073   1.4769639   1.13689     0.18619639\n",
            "   0.5         0.1722883   0.2113788   0.1724449   0.21197397  0.16399914\n",
            "   0.21114197  0.20512931  0.14044192]\n",
            " [ 1.5839126   1.4651774   2.8932884   1.133233    1.4751805   0.21911353\n",
            "   0.1722883   0.5         0.30293542  0.20388336  0.16358486  0.21213824\n",
            "   0.1402037   0.17237149  0.2119239 ]\n",
            " [ 1.6360577   1.4753506   2.892906    0.9116201   1.4800829   0.18560249\n",
            "   0.2113788   0.30293542  0.5         0.14049272  0.13649252  0.17260379\n",
            "   0.12320656  0.20894326  0.21710788]\n",
            " [ 1.5685378   1.4622504   1.1357094   2.897561    0.914806    0.21636832\n",
            "   0.1724449   0.20388336  0.14049272  0.5         0.29747483  0.17102045\n",
            "   0.30114236  0.1297489   0.12251136]\n",
            " [ 1.2611265   1.4564468   1.1043904   2.9032035   1.1048201   0.14758001\n",
            "   0.21197397  0.16358486  0.13649252  0.29747483  0.5         0.22506836\n",
            "   0.29832253  0.17150974  0.13560091]\n",
            " [ 1.013529    1.1054873   1.4606544   1.1057171   2.9026      0.123089\n",
            "   0.16399914  0.21213824  0.17260379  0.17102045  0.22506836  0.5\n",
            "   0.13548537  0.29795465  0.29961467]\n",
            " [ 1.6256311   1.4680866   0.9081943   2.8976808   0.76742256  0.18476902\n",
            "   0.21114197  0.1402037   0.12320656  0.30114236  0.29832253  0.13548537\n",
            "   0.5         0.12261838  0.1022569 ]\n",
            " [ 1.0404118   1.1392418   1.4643822   0.9178894   2.9010375   0.1169079\n",
            "   0.20512931  0.17237149  0.20894326  0.1297489   0.17150974  0.29795465\n",
            "   0.12261838  0.5         0.29875877]\n",
            " [ 0.9301662   0.90926206  1.4723637   0.76837534  2.900114    0.11308038\n",
            "   0.14044192  0.2119239   0.21710788  0.12251136  0.13560091  0.29961467\n",
            "   0.1022569   0.29875877  0.5       ]]\n"
          ]
        }
      ],
      "source": [
        "# Print the Coulomb matrix (CM) for the first molecule\n",
        "print('Coulomb matrix:')\n",
        "print(qm7_data['X'][0])"
      ]
    },
    {
      "cell_type": "code",
      "execution_count": 13,
      "metadata": {
        "colab": {
          "base_uri": "https://localhost:8080/"
        },
        "id": "m3ZN1jMxNjKn",
        "outputId": "18a9cbb1-ac4a-4a18-f010-79b14ededac5"
      },
      "outputs": [
        {
          "data": {
            "text/plain": [
              "(1219, 225)"
            ]
          },
          "execution_count": 13,
          "metadata": {},
          "output_type": "execute_result"
        }
      ],
      "source": [
        "n_samples, cm_rows, cm_cols = qm7_data['X'].shape\n",
        "\n",
        "# Transform the original tensor shape of the CM descriptor, qm7['X'], into a 2D matrix by\n",
        "# flattening the CM descriptors (15, 15) --> (225)\n",
        "qm7_cm = qm7_data['X'].reshape(-1, cm_rows * cm_cols)\n",
        "qm7_cm.shape"
      ]
    },
    {
      "cell_type": "code",
      "execution_count": 16,
      "metadata": {
        "colab": {
          "base_uri": "https://localhost:8080/",
          "height": 300
        },
        "id": "sYvdiRpLiR1C",
        "outputId": "930f6a7f-0421-455a-e325-8d55f97e8120"
      },
      "outputs": [
        {
          "data": {
            "text/html": [
              "<div>\n",
              "<style scoped>\n",
              "    .dataframe tbody tr th:only-of-type {\n",
              "        vertical-align: middle;\n",
              "    }\n",
              "\n",
              "    .dataframe tbody tr th {\n",
              "        vertical-align: top;\n",
              "    }\n",
              "\n",
              "    .dataframe thead th {\n",
              "        text-align: right;\n",
              "    }\n",
              "</style>\n",
              "<table border=\"1\" class=\"dataframe\">\n",
              "  <thead>\n",
              "    <tr style=\"text-align: right;\">\n",
              "      <th></th>\n",
              "      <th>0</th>\n",
              "      <th>1</th>\n",
              "      <th>2</th>\n",
              "      <th>3</th>\n",
              "      <th>4</th>\n",
              "      <th>5</th>\n",
              "      <th>6</th>\n",
              "      <th>7</th>\n",
              "      <th>8</th>\n",
              "      <th>9</th>\n",
              "      <th>...</th>\n",
              "      <th>215</th>\n",
              "      <th>216</th>\n",
              "      <th>217</th>\n",
              "      <th>218</th>\n",
              "      <th>219</th>\n",
              "      <th>220</th>\n",
              "      <th>221</th>\n",
              "      <th>222</th>\n",
              "      <th>223</th>\n",
              "      <th>224</th>\n",
              "    </tr>\n",
              "  </thead>\n",
              "  <tbody>\n",
              "    <tr>\n",
              "      <th>679</th>\n",
              "      <td>73.516693</td>\n",
              "      <td>17.630550</td>\n",
              "      <td>9.951796</td>\n",
              "      <td>7.431107</td>\n",
              "      <td>10.034067</td>\n",
              "      <td>7.331177</td>\n",
              "      <td>5.712772</td>\n",
              "      <td>2.024815</td>\n",
              "      <td>1.571373</td>\n",
              "      <td>4.349768</td>\n",
              "      <td>...</td>\n",
              "      <td>1.401013</td>\n",
              "      <td>2.977602</td>\n",
              "      <td>0.119629</td>\n",
              "      <td>0.124601</td>\n",
              "      <td>0.107137</td>\n",
              "      <td>0.120014</td>\n",
              "      <td>0.083402</td>\n",
              "      <td>0.102655</td>\n",
              "      <td>0.084732</td>\n",
              "      <td>0.5</td>\n",
              "    </tr>\n",
              "    <tr>\n",
              "      <th>201</th>\n",
              "      <td>53.358707</td>\n",
              "      <td>4.539490</td>\n",
              "      <td>9.245365</td>\n",
              "      <td>15.245957</td>\n",
              "      <td>6.371473</td>\n",
              "      <td>4.765467</td>\n",
              "      <td>15.252076</td>\n",
              "      <td>3.632693</td>\n",
              "      <td>1.755797</td>\n",
              "      <td>1.358771</td>\n",
              "      <td>...</td>\n",
              "      <td>0.471850</td>\n",
              "      <td>2.901193</td>\n",
              "      <td>0.222974</td>\n",
              "      <td>0.144308</td>\n",
              "      <td>0.112002</td>\n",
              "      <td>0.144907</td>\n",
              "      <td>0.092666</td>\n",
              "      <td>0.298951</td>\n",
              "      <td>0.299724</td>\n",
              "      <td>0.5</td>\n",
              "    </tr>\n",
              "    <tr>\n",
              "      <th>1025</th>\n",
              "      <td>73.516693</td>\n",
              "      <td>10.652853</td>\n",
              "      <td>8.366193</td>\n",
              "      <td>10.513724</td>\n",
              "      <td>17.854649</td>\n",
              "      <td>10.561383</td>\n",
              "      <td>9.008855</td>\n",
              "      <td>1.710161</td>\n",
              "      <td>2.054312</td>\n",
              "      <td>4.349916</td>\n",
              "      <td>...</td>\n",
              "      <td>1.501262</td>\n",
              "      <td>2.927338</td>\n",
              "      <td>0.127764</td>\n",
              "      <td>0.127132</td>\n",
              "      <td>0.108826</td>\n",
              "      <td>0.218925</td>\n",
              "      <td>0.103066</td>\n",
              "      <td>0.089440</td>\n",
              "      <td>0.284874</td>\n",
              "      <td>0.5</td>\n",
              "    </tr>\n",
              "    <tr>\n",
              "      <th>1136</th>\n",
              "      <td>388.023438</td>\n",
              "      <td>22.730005</td>\n",
              "      <td>21.878376</td>\n",
              "      <td>30.371572</td>\n",
              "      <td>12.889520</td>\n",
              "      <td>15.922998</td>\n",
              "      <td>10.301764</td>\n",
              "      <td>3.258938</td>\n",
              "      <td>2.376167</td>\n",
              "      <td>1.923466</td>\n",
              "      <td>...</td>\n",
              "      <td>0.503165</td>\n",
              "      <td>2.924763</td>\n",
              "      <td>0.146046</td>\n",
              "      <td>0.121272</td>\n",
              "      <td>0.218085</td>\n",
              "      <td>0.077135</td>\n",
              "      <td>0.077557</td>\n",
              "      <td>0.080955</td>\n",
              "      <td>0.285624</td>\n",
              "      <td>0.5</td>\n",
              "    </tr>\n",
              "    <tr>\n",
              "      <th>264</th>\n",
              "      <td>73.516693</td>\n",
              "      <td>17.465914</td>\n",
              "      <td>10.477912</td>\n",
              "      <td>18.339025</td>\n",
              "      <td>10.991267</td>\n",
              "      <td>10.065047</td>\n",
              "      <td>10.048783</td>\n",
              "      <td>1.335070</td>\n",
              "      <td>1.339443</td>\n",
              "      <td>1.574118</td>\n",
              "      <td>...</td>\n",
              "      <td>0.677485</td>\n",
              "      <td>0.675360</td>\n",
              "      <td>0.197096</td>\n",
              "      <td>0.196809</td>\n",
              "      <td>0.099412</td>\n",
              "      <td>0.098989</td>\n",
              "      <td>0.106472</td>\n",
              "      <td>0.105953</td>\n",
              "      <td>0.200020</td>\n",
              "      <td>0.5</td>\n",
              "    </tr>\n",
              "  </tbody>\n",
              "</table>\n",
              "<p>5 rows × 225 columns</p>\n",
              "</div>"
            ],
            "text/plain": [
              "             0          1          2          3          4          5    \\\n",
              "679    73.516693  17.630550   9.951796   7.431107  10.034067   7.331177   \n",
              "201    53.358707   4.539490   9.245365  15.245957   6.371473   4.765467   \n",
              "1025   73.516693  10.652853   8.366193  10.513724  17.854649  10.561383   \n",
              "1136  388.023438  22.730005  21.878376  30.371572  12.889520  15.922998   \n",
              "264    73.516693  17.465914  10.477912  18.339025  10.991267  10.065047   \n",
              "\n",
              "            6         7         8         9    ...       215       216  \\\n",
              "679    5.712772  2.024815  1.571373  4.349768  ...  1.401013  2.977602   \n",
              "201   15.252076  3.632693  1.755797  1.358771  ...  0.471850  2.901193   \n",
              "1025   9.008855  1.710161  2.054312  4.349916  ...  1.501262  2.927338   \n",
              "1136  10.301764  3.258938  2.376167  1.923466  ...  0.503165  2.924763   \n",
              "264   10.048783  1.335070  1.339443  1.574118  ...  0.677485  0.675360   \n",
              "\n",
              "           217       218       219       220       221       222       223  \\\n",
              "679   0.119629  0.124601  0.107137  0.120014  0.083402  0.102655  0.084732   \n",
              "201   0.222974  0.144308  0.112002  0.144907  0.092666  0.298951  0.299724   \n",
              "1025  0.127764  0.127132  0.108826  0.218925  0.103066  0.089440  0.284874   \n",
              "1136  0.146046  0.121272  0.218085  0.077135  0.077557  0.080955  0.285624   \n",
              "264   0.197096  0.196809  0.099412  0.098989  0.106472  0.105953  0.200020   \n",
              "\n",
              "      224  \n",
              "679   0.5  \n",
              "201   0.5  \n",
              "1025  0.5  \n",
              "1136  0.5  \n",
              "264   0.5  \n",
              "\n",
              "[5 rows x 225 columns]"
            ]
          },
          "execution_count": 16,
          "metadata": {},
          "output_type": "execute_result"
        }
      ],
      "source": [
        "# Print the flattened CM matrices for 5 random molecules from our 15-atom subset\n",
        "df_qm7_cm = pd.DataFrame(qm7_cm)\n",
        "df_qm7_cm.sample(5)"
      ]
    },
    {
      "cell_type": "markdown",
      "metadata": {
        "id": "TqUBBZooSZsO"
      },
      "source": [
        "## Principal Component Analysis (PCA)\n",
        "Principal Component Analysis (PCA) is a dimensionality reduction technique that transforms a dataset into a set of orthogonal components that capture the maximum variance in the data. It is widely used in to make high-dimensional data more manageable while retaining the most significant features.\n",
        "\n",
        "### Should you rescale your data before applying PCA?\n",
        "In PCA, the scaling of data can significantly impact the results. The following sections compare PCA applied to data without standardization (no scaling) and PCA applied to standardized data (after scaling).\n",
        "\n",
        "#### Applying PCA without first standardizing (scaling) the data\n",
        "When PCA is performed without scaling the data, the components are influenced by the variance of the original features. This means that features with larger variances will dominate the principal components, potentially leading to biased results. This can obscure the true underlying patterns in the data and result in misleading interpretations. Below, we demonstrate this effect using the QM7 dataset:"
      ]
    },
    {
      "cell_type": "code",
      "execution_count": 58,
      "metadata": {
        "id": "FMqLA7CGSkV0"
      },
      "outputs": [],
      "source": [
        "from sklearn.decomposition import PCA\n",
        "\n",
        "# Apply PCA on the CM dataset prepared above\n",
        "pca = PCA(n_components=2)\n",
        "pca.fit(df_qm7_cm)\n",
        "X_reduced = pca.transform(df_qm7_cm)"
      ]
    },
    {
      "cell_type": "markdown",
      "metadata": {
        "id": "yIkmhbnGSAw_"
      },
      "source": [
        "To visualize the resulting principal components, the first principal component can be plotted against the second one. \n",
        "\n",
        "It is possible to extract information about what information the principal components contain by coloring the data points according a certain value. \n",
        "\n",
        "In the following example, the data points are colored according to the atomization energy, chemical diversity, and atomic number of the heaviest atom in the molecule."
      ]
    },
    {
      "cell_type": "code",
      "execution_count": 31,
      "metadata": {
        "colab": {
          "base_uri": "https://localhost:8080/",
          "height": 1000
        },
        "id": "lk18uJ66mlLr",
        "outputId": "593ce25b-03c5-4b3e-f396-ba06412a2f27"
      },
      "outputs": [
        {
          "data": {
